timestamp	pressure
d	d
	class
1300406109523511886	462.792838008
1300406109529977083	147.051172779
1300406109539410114	987.900015998
1300406109545500040	528.190352074
1300406109554712057	806.113363254
1300406109573445081	227.827162675
1300406109579353094	109.935120784
1300406109586286067	42.2906611308
1300406109594984054	403.574786936
1300406109615706920	596.731692864
1300406109626501083	655.545625906
1300406109636470079	275.771743718
1300406109641819953	800.218007354
1300406109659323930	188.166475445
1300406109665749073	535.160096144
1300406109675522089	966.422839271
1300406109689155101	923.149208576
1300406109697854995	119.946446407
1300406109706688880	826.639374938
1300406109713531017	632.459400295
1300406109721673011	362.767168909
1300406109729325056	233.269264983
1300406109737243890	717.025411303
1300406109747682094	508.804686495
1300406109753278970	786.596413831
1300406109771446943	774.557651277
1300406109793622970	880.539415227
1300406109812803030	703.574973008
1300406109819035053	434.29624587
1300406109835664987	96.7845064166
1300406109853823900	27.1014319858
1300406109877793073	339.091374459
1300406109881536006	348.564583132
1300406109895757913	901.584905275
1300406109908389091	228.234251128
1300406109913731098	76.9084895724
1300406109921766996	861.318528448
1300406109929173946	268.483709067
1300406109938011884	769.65472341
1300406109945410966	832.687984171
1300406109953135013	133.078833353
1300406109961843967	511.058734917
1300406109980726003	461.899351378
1300406109987680912	633.742494331
1300406109995414018	597.080074207
1300406110002194881	514.050417204
1300406110018918991	184.212006698
1300406110031711101	295.938963017
1300406110042253017	861.869062173
1300406110056186914	454.818062438
1300406110076003074	387.683705971
